Cycletime: 10000
XY0=[
2912	3696	4120	4104	3960	3696	2744	1856	
4568	5000	5568	5789	5534	4744	3848	2384	
5496	5991	6361	6523	6145	5329	4120	2600	
5923	6720	6753	7000	6616	5416	4304	2696	
5973	6608	7189	7328	6688	5728	4392	2936	
5331	5960	6359	6792	6404	5314	3944	2496	
4425	5264	5617	5608	5519	4576	3456	2184	
2968	3784	4016	3744	4198	3784	3024	1696	
]

XY1=[
3680	4736	5704	5848	5608	4976	3904	2672	
5328	6544	7320	7527	7348	6272	5256	3743	
6272	7873	8443	8608	7884	7124	5912	4048	
6790	8464	8904	9175	8853	7844	6371	4232	
6840	8288	9024	9194	8718	7859	6295	4256	
6320	7872	8459	8497	8058	7280	5605	3856	
5535	6728	7366	7269	7443	6696	5235	3352	
3710	4960	5128	5360	5587	4864	4305	2496	
]

XY2=[
3657	4683	5789	6191	5794	5293	4272	2952	
5429	6927	7828	7872	7664	6936	5984	4053	
6144	8080	8867	9432	8664	8229	6960	4800	
6280	8384	9128	9896	9416	8784	7301	5160	
6682	8424	9360	10061	9451	8954	7000	5256	
5996	8024	8681	9355	8909	8379	6701	4815	
5318	6855	7736	7856	7624	6928	5682	3864	
3851	5280	5480	5840	5840	5285	4507	2985	
]

XY3=[
2872	4136	5200	5712	5176	5204	4145	2592	
4333	5859	6856	7424	7064	6838	5672	4083	
5360	6913	7888	8792	8552	8039	6896	5296	
5481	7272	8256	9192	9024	8610	7479	5368	
5713	7376	8551	9583	8920	8596	7415	5288	
5027	6965	8010	8712	8280	7950	6896	4976	
4656	5931	7018	7648	7096	6627	5501	3887	
2904	4352	4944	5656	5432	4768	4184	2744	
]

color_range = [0 300000]
figure(1)
subplot(4,1,1), pcolor(XY0), axis off, caxis( color_range ), colormap(jet)
subplot(4,1,2), pcolor(XY1), axis off, caxis( color_range ), colormap(jet)
subplot(4,1,3), pcolor(XY2), axis off, caxis( color_range ), colormap(jet)
subplot(4,1,4), pcolor(XY3), axis off, caxis( color_range ), colormap(jet)
set(gcf, 'PaperPosition', [1 1 7 30]);
print(gcf,'-djpeg','-r0','_DLADR_sel-0_BL_pir-0.010000_traffic-0.txt.jpg')
Cycletime: 10000
XY0=[
2787	3535	3976	4104	3736	3360	2664	1904	
4160	5205	5467	5968	5296	4616	3759	2280	
5117	6111	6305	6720	5760	4906	3988	2360	
5523	6904	7141	7120	6246	5380	4354	2448	
5521	6872	7043	7024	6336	5392	4008	2575	
5269	6272	6944	6784	6153	5160	4104	2616	
4552	5480	6135	5920	5155	4784	3535	2277	
3024	3880	4344	4512	4077	3583	2752	1688	
]

XY1=[
3646	4696	5429	5823	5488	5016	3705	2771	
5415	6776	7128	7767	7208	6585	5388	3554	
6176	7728	8219	8505	7840	6941	5839	4015	
6736	8184	8845	9104	8512	7594	6284	4415	
6572	8264	8816	8816	8106	7668	5869	4392	
6574	8120	8384	8568	7704	7104	5560	4088	
5472	6656	7232	7327	6383	6312	4744	3368	
3958	5032	5792	5912	5400	5096	4049	2675	
]

XY2=[
3728	4747	5656	6080	6192	5760	4457	3264	
5576	7048	7400	8008	7800	7361	5935	4333	
5904	8007	8656	8960	8579	7860	6965	4975	
6688	8473	9635	9469	9351	8484	7344	5520	
6826	8776	9876	9640	9568	8522	6882	5207	
6456	8208	9108	9222	9104	8112	6393	4872	
5338	6481	7892	7825	7716	7065	5400	4360	
3824	4807	5888	5806	5888	5424	4496	3152	
]

XY3=[
2576	3912	4992	5568	5488	4984	3936	2784	
4296	5896	6968	7548	7463	6576	5751	4224	
5264	6981	8040	8692	8379	7492	6800	5040	
5984	7272	8518	9068	8824	7808	6987	5304	
5670	7012	8238	8894	8992	8192	7097	5376	
5352	6568	7960	8472	8368	7520	6688	4824	
4624	5584	6881	7038	7080	6304	5480	4056	
3208	4357	5456	5464	5544	5128	4184	2952	
]

color_range = [0 300000]
figure(1)
subplot(4,1,1), pcolor(XY0), axis off, caxis( color_range ), colormap(jet)
subplot(4,1,2), pcolor(XY1), axis off, caxis( color_range ), colormap(jet)
subplot(4,1,3), pcolor(XY2), axis off, caxis( color_range ), colormap(jet)
subplot(4,1,4), pcolor(XY3), axis off, caxis( color_range ), colormap(jet)
set(gcf, 'PaperPosition', [1 1 7 30]);
print(gcf,'-djpeg','-r0','_DLADR_sel-0_BL_pir-0.010000_traffic-0.txt.jpg')
Cycletime: 10000
XY0=[
3144	3701	4152	4248	3784	3416	2736	1920	
4640	5155	5544	5952	5568	5064	3728	2383	
5480	6105	6612	6726	6000	5336	4176	2656	
5704	6336	6914	7016	6458	5688	4424	2720	
5592	6104	7056	6600	6355	5464	4384	2712	
5062	6056	6568	6219	6061	5584	4592	2696	
4341	5134	5832	5546	5590	4944	3744	2523	
2808	3740	4232	4304	4589	3963	3189	2039	
]

XY1=[
3872	5046	5703	5937	5259	4968	4088	2848	
5528	6712	7342	7286	7113	6394	4786	3447	
6441	7863	8884	8844	8496	7664	5968	3880	
7200	8678	9162	9390	9043	7705	6189	4194	
7008	8403	9256	9320	8640	7448	6372	4460	
6601	8430	8518	8795	8272	7096	5976	4014	
5695	7058	7744	7700	7531	6461	5591	3517	
4080	5258	5240	5607	5744	4784	4272	2832	
]

XY2=[
3744	4959	5762	5874	5856	5304	4416	3134	
5526	6823	7529	7988	7988	7219	5666	4035	
6200	7908	8596	8856	8624	7713	6097	4478	
7112	8530	9626	9632	9525	8599	6936	4976	
7024	8520	9865	9843	9668	8430	7241	5112	
6400	8112	8429	8988	8651	8000	6910	4888	
5496	6648	7624	7772	7583	6664	5784	4200	
3944	4984	5480	5917	6135	5128	4376	3232	
]

XY3=[
2870	3928	4792	5288	5104	4648	3992	2848	
4318	5626	6696	7472	7264	6280	5232	3880	
5278	6787	7640	8216	8272	7242	6364	4798	
6096	7646	8936	9392	9128	8200	7146	5240	
5936	7672	8896	9328	8790	7776	7056	5088	
5472	7272	8071	8664	8108	7000	6546	4864	
4432	5600	6682	7384	7136	6344	5752	4040	
3048	4056	4884	5568	5554	4820	4254	2888	
]

color_range = [0 300000]
figure(1)
subplot(4,1,1), pcolor(XY0), axis off, caxis( color_range ), colormap(jet)
subplot(4,1,2), pcolor(XY1), axis off, caxis( color_range ), colormap(jet)
subplot(4,1,3), pcolor(XY2), axis off, caxis( color_range ), colormap(jet)
subplot(4,1,4), pcolor(XY3), axis off, caxis( color_range ), colormap(jet)
set(gcf, 'PaperPosition', [1 1 7 30]);
print(gcf,'-djpeg','-r0','_DLADR_sel-0_BL_pir-0.010000_traffic-0.txt.jpg')
Cycletime: 10000
XY0=[
3072	3232	4039	3968	3896	3405	2675	1800	
4457	4974	5898	5512	5272	4358	3616	2585	
5483	6069	6844	6302	5563	4676	3776	2536	
5901	6633	7255	6629	6061	5285	4174	2475	
5815	6925	7312	6568	6218	5231	4216	2624	
5416	6536	7048	6834	6236	5424	4144	2544	
4560	5680	6456	5982	5640	4736	3816	2496	
2794	3696	4064	3864	3808	3486	2856	1848	
]

XY1=[
3808	4680	5776	5640	5446	4963	3773	2450	
5504	6752	7372	7272	7092	5887	4749	3668	
6184	8186	9068	8762	7992	6896	5772	4138	
6728	8240	9312	8918	8262	7144	5875	4184	
6664	8735	9472	8984	8561	7368	5989	4304	
6440	8344	9090	8744	8148	7256	5871	4208	
5263	6742	7796	7760	7345	6219	5270	3744	
3952	4752	5536	5400	5168	4780	4064	2712	
]

XY2=[
3753	4904	6280	6016	6136	5582	4671	2922	
4979	6784	7750	7616	7480	6838	5667	4087	
5469	8096	9258	9560	8488	8038	6864	4680	
6471	8617	9863	9846	9157	8692	7009	4920	
6560	8835	9545	9372	9064	8336	7000	5088	
6344	8152	9368	9157	8757	7949	6760	4712	
5149	6624	7440	7896	7654	6624	5808	4112	
4120	5201	5912	5952	6036	5394	4632	3080	
]

XY3=[
3040	4440	5408	5464	5688	5258	4206	2680	
4440	6192	7408	7208	7435	6868	5568	4287	
5224	7170	8552	8477	8505	7761	6376	4888	
5427	7189	8855	9087	9399	8696	6952	5552	
5384	7664	8976	9289	9248	8527	7103	5640	
5062	6784	8040	8049	7960	7496	6407	4848	
4300	6111	7013	7499	7376	6760	5807	4128	
3178	4416	5088	5208	5318	4776	3832	2383	
]

color_range = [0 300000]
figure(1)
subplot(4,1,1), pcolor(XY0), axis off, caxis( color_range ), colormap(jet)
subplot(4,1,2), pcolor(XY1), axis off, caxis( color_range ), colormap(jet)
subplot(4,1,3), pcolor(XY2), axis off, caxis( color_range ), colormap(jet)
subplot(4,1,4), pcolor(XY3), axis off, caxis( color_range ), colormap(jet)
set(gcf, 'PaperPosition', [1 1 7 30]);
print(gcf,'-djpeg','-r0','_DLADR_sel-0_BL_pir-0.010000_traffic-0.txt.jpg')
Cycletime: 10000
XY0=[
2984	3616	4218	4064	4151	3669	2875	1808	
4392	5384	5884	5960	5464	4256	3240	2288	
5472	6344	7048	6861	6152	5000	3952	2376	
5904	6864	7368	7272	6769	5488	4360	2696	
6146	7200	7336	7048	6688	5389	4455	2736	
5500	6672	6624	6768	6408	5123	4104	2536	
4710	5752	5880	5640	5224	4208	3448	2040	
3016	4128	4564	4448	4272	3530	3092	1806	
]

XY1=[
3816	4560	5425	5656	5944	5096	3913	2672	
5430	6456	7301	7771	7333	6274	4741	3463	
6662	7520	8589	8973	8104	7032	5664	3952	
7016	7920	8837	9291	8864	7849	6390	4412	
6912	7705	9108	9386	8885	7715	6084	4418	
6216	7299	8522	8903	8200	7112	5983	4128	
5592	6565	7552	7439	7064	6183	5200	3536	
3912	4839	5542	5500	5360	5064	4480	2968	
]

XY2=[
3952	4912	5680	5840	6000	5264	4152	3096	
5520	6504	7568	7879	7664	6960	5488	4024	
6378	7394	8636	9417	8816	8112	6400	4744	
6784	7762	8916	9729	9299	8709	7095	5020	
6984	8064	8912	9752	9614	8816	7028	4977	
6120	7336	8536	9024	8574	8112	6654	4608	
5728	6832	7408	7839	7558	7077	5648	3912	
3952	4888	5592	5814	5816	5440	4560	3232	
]

XY3=[
3104	4064	4824	5465	5977	5232	4337	2696	
4424	5585	6427	7189	7536	6776	5816	4064	
5410	6405	7385	8412	8568	7744	6544	4696	
5890	7251	8705	9398	9520	8792	7520	5210	
5822	7072	8259	9245	9333	8458	6992	5211	
5400	6352	8008	8727	8453	7632	6675	4958	
4680	5784	6701	7295	7079	6880	5960	4207	
2976	3952	4690	5473	5400	5112	4065	2768	
]

color_range = [0 300000]
figure(1)
subplot(4,1,1), pcolor(XY0), axis off, caxis( color_range ), colormap(jet)
subplot(4,1,2), pcolor(XY1), axis off, caxis( color_range ), colormap(jet)
subplot(4,1,3), pcolor(XY2), axis off, caxis( color_range ), colormap(jet)
subplot(4,1,4), pcolor(XY3), axis off, caxis( color_range ), colormap(jet)
set(gcf, 'PaperPosition', [1 1 7 30]);
print(gcf,'-djpeg','-r0','_DLADR_sel-0_BL_pir-0.010000_traffic-0.txt.jpg')
