XY0 = [
3016	4128	4565	4448	4272	3531	3093	1807	0
4711	5752	5880	5640	5224	4209	3448	2040	0
5501	6672	6624	6768	6408	5124	4105	2536	0
6147	7200	7336	7048	6688	5390	4456	2737	0
5905	6864	7368	7272	6770	5488	4360	2696	0
5472	6344	7048	6862	6152	5000	3952	2376	0
4392	5384	5885	5960	5464	4256	3240	2288	0
2984	3617	4219	4064	4152	3670	2876	1808	0
0	0	0	0	0	0	0	0	0
]
XY1 = [
3912	4840	5543	5501	5360	5064	4480	2968	0
5592	6566	7553	7440	7064	6184	5200	3536	0
6216	7301	8523	8904	8200	7112	5984	4129	0
6913	7706	9109	9389	8886	7716	6085	4419	0
7016	7920	8839	9292	8864	7850	6392	4413	0
6663	7520	8590	8976	8104	7033	5664	3952	0
5431	6456	7303	7772	7334	6276	4742	3464	0
3816	4560	5426	5656	5944	5096	3914	2672	0
0	0	0	0	0	0	0	0	0
]
XY2 = [
3952	4888	5593	5815	5816	5440	4560	3232	0
5728	6832	7408	7840	7560	7078	5648	3912	0
6120	7336	8536	9024	8576	8112	6655	4608	0
6984	8064	8912	9752	9616	8816	7029	4978	0
6784	7763	8918	9730	9300	8711	7098	5021	0
6380	7396	8637	9418	8816	8112	6400	4744	0
5520	6504	7568	7880	7664	6960	5488	4024	0
3952	4912	5680	5840	6000	5264	4152	3096	0
0	0	0	0	0	0	0	0	0
]
XY3 = [
2976	3952	4691	5474	5402	5114	4066	2768	0
4680	5784	6702	7296	7080	6880	5960	4208	0
5400	6352	8008	8728	8454	7634	6676	4960	0
5824	7072	8260	9246	9335	8459	6992	5212	0
5891	7253	8709	9399	9520	8793	7520	5211	0
5411	6406	7387	8415	8570	7746	6544	4696	0
4424	5586	6428	7190	7536	6776	5816	4064	0
3104	4064	4825	5467	5979	5235	4338	2696	0
0	0	0	0	0	0	0	0	0
]
color_range = [0 100000];
figure(1)
subplot(4,1,1), pcolor(XY0), axis off, caxis( color_range ), colormap(jet)
subplot(4,1,2), pcolor(XY1), axis off, caxis( color_range ), colormap(jet)
subplot(4,1,3), pcolor(XY2), axis off, caxis( color_range ), colormap(jet)
subplot(4,1,4), pcolor(XY3), axis off, caxis( color_range ), colormap(jet)
set(gcf, 'PaperPosition', [1 1 7 30]);
print(gcf,'-djpeg','-r0','_DLADR_sel-0_BL_pir-0.010000_traffic-0.txt.jpg')
total waiting time
XY0 = [
3248	5112	5260	5280	5048	4154	3492	1958	0
6030	6816	7032	7040	6144	4944	4048	2344	0
6780	8880	8232	8880	8360	6667	4608	2808	0
7514	9168	9208	8600	8360	6661	5231	2936	0
7512	9744	9136	10072	8745	6576	4944	2824	0
7184	8192	8976	9269	7312	6080	4624	2624	0
5408	6456	7092	7080	6416	5568	3776	2408	0
3288	4144	5106	4760	4599	4677	3355	1880	0
0	0	0	0	0	0	0	0	0
]
XY1 = [
4224	5919	7038	6508	6400	6288	5656	3152	0
7376	7989	9736	9423	8696	7135	6320	3720	0
8536	9419	10906	11471	10600	8640	7391	4928	0
8520	9481	12236	12378	11413	9859	6988	5074	0
8776	10192	11917	12979	12808	9897	8374	4932	0
8318	9728	11541	13037	11320	8464	6592	4496	0
6606	7824	9453	10259	9501	8055	5661	3871	0
4312	5784	6465	6744	8616	6152	4497	3080	0
0	0	0	0	0	0	0	0	0
]
XY2 = [
4664	6024	6672	7278	7392	6832	5336	4072	0
8056	8480	9712	10567	9558	8509	6976	4512	0
7976	9184	11784	11344	11046	10360	8494	5592	0
8808	10328	11624	13680	13654	11888	9052	5633	0
8824	10218	12264	14841	12764	11597	9231	6476	0
8106	9682	11332	14289	11912	10384	8296	5688	0
6784	8208	9680	10359	9416	9344	6992	4472	0
4616	5976	7344	7328	7640	6728	5104	3352	0
0	0	0	0	0	0	0	0	0
]
XY3 = [
3264	4520	5538	7097	6424	6200	4697	3080	0
5392	7624	9072	9039	8807	8712	7400	4831	0
6528	7352	11136	11495	12405	10485	8467	5949	0
7302	9568	11403	12693	13823	11722	8648	6651	0
7386	10003	11449	14126	14488	12080	10480	6778	0
6810	8269	9017	12097	12128	10744	8280	5936	0
5408	6593	8187	9533	9928	8968	7208	4880	0
3376	5008	5784	6905	7545	6584	5025	2976	0
0	0	0	0	0	0	0	0	0
]
color_range = [0 100000];
figure(1)
subplot(4,1,1), pcolor(XY0), axis off, caxis( color_range ), colormap(jet)
subplot(4,1,2), pcolor(XY1), axis off, caxis( color_range ), colormap(jet)
subplot(4,1,3), pcolor(XY2), axis off, caxis( color_range ), colormap(jet)
subplot(4,1,4), pcolor(XY3), axis off, caxis( color_range ), colormap(jet)
